399 299 
398 298 
397 297 
396 296 
395 295 
394 294 
393 293 
392 292 
391 291 
390 290 
389 289 
388 288 
387 287 
386 286 
385 285 
384 284 
383 283 
382 282 
381 281 
380 280 
379 279 
378 278 
377 277 
376 276 
375 275 
374 274 
373 273 
372 272 
371 271 
370 270 
369 269 
368 268 
367 267 
366 266 
365 265 
364 264 
363 263 
362 262 
361 261 
360 260 
359 259 
358 258 
357 257 
356 256 
355 255 
354 254 
353 253 
352 252 
351 251 
350 250 
349 250 
348 250 
347 250 
346 250 
345 250 
344 250 
343 250 
342 250 
341 250 
340 250 
339 250 
338 250 
337 250 
336 250 
335 250 
334 250 
333 250 
332 250 
331 250 
330 250 
329 250 
328 250 
327 250 
326 250 
325 250 
324 250 
323 250 
322 250 
321 250 
320 250 
319 250 
318 250 
317 250 
316 250 
315 250 
314 250 
313 250 
312 250 
311 250 
310 250 
309 250 
308 250 
307 250 
306 250 
305 250 
304 250 
303 250 
302 250 
301 250 
300 250 
299 250 
298 250 
297 250 
296 250 
295 250 
294 250 
293 250 
292 250 
291 250 
290 250 
289 250 
288 250 
287 250 
286 250 
285 250 
284 250 
283 250 
282 250 
281 250 
280 250 
279 250 
278 250 
277 250 
276 250 
275 250 
274 250 
273 250 
272 250 
271 250 
270 250 
269 250 
268 250 
267 250 
266 250 
265 250 
264 250 
263 250 
262 250 
261 250 
260 250 
259 250 
258 250 
257 250 
256 250 
255 250 
254 250 
253 250 
252 250 
251 250 
250 250 
249 250 
248 250 
247 250 
246 250 
245 250 
244 250 
243 250 
242 250 
241 250 
240 250 
239 250 
238 250 
237 250 
236 250 
235 250 
234 250 
233 250 
232 250 
231 250 
230 250 
