399 299 
398 298 
397 297 
396 296 
395 295 
394 294 
393 293 
392 292 
391 291 
390 290 
389 289 
388 288 
387 287 
386 286 
385 285 
384 284 
383 283 
382 282 
381 281 
380 280 
379 279 
378 278 
377 277 
376 276 
375 275 
374 274 
373 273 
372 272 
371 271 
370 270 
369 269 
368 268 
367 267 
366 266 
365 265 
364 264 
363 263 
362 262 
361 261 
360 260 
359 259 
358 258 
357 257 
356 256 
355 255 
354 254 
353 253 
352 252 
351 251 
350 250 
349 249 
348 248 
347 247 
346 246 
345 245 
344 244 
343 243 
342 242 
341 241 
340 240 
339 239 
338 238 
337 237 
336 236 
335 235 
334 234 
333 233 
332 232 
331 231 
330 230 
329 229 
328 228 
327 227 
326 226 
325 225 
324 224 
323 223 
322 222 
321 221 
320 220 
319 219 
318 218 
317 217 
316 216 
315 215 
314 214 
313 213 
312 212 
311 211 
310 210 
309 209 
308 208 
307 207 
306 206 
305 205 
304 204 
303 203 
302 202 
301 201 
300 200 
299 199 
298 198 
297 197 
296 196 
295 195 
294 194 
293 193 
292 192 
291 191 
290 190 
289 189 
288 188 
287 187 
286 186 
285 185 
284 184 
283 183 
282 182 
281 181 
280 180 
279 179 
278 178 
277 177 
276 176 
275 176 
274 176 
273 176 
272 176 
271 176 
270 176 
269 176 
268 176 
267 176 
266 176 
265 176 
264 176 
263 176 
262 176 
261 176 
260 176 
259 176 
258 176 
257 176 
256 176 
255 176 
254 176 
253 176 
252 176 
251 176 
250 176 
249 176 
248 176 
247 176 
246 176 
245 175 
244 175 
243 175 
242 175 
241 175 
240 175 
239 175 
238 175 
237 175 
236 175 
235 175 
234 175 
233 175 
232 175 
231 175 
230 174 
229 174 
228 174 
227 174 
226 174 
225 174 
224 173 
223 173 
222 173 
221 173 
220 173 
219 172 
218 172 
217 172 
216 171 
215 171 
214 171 
213 171 
212 170 
211 170 
210 170 
209 169 
208 169 
207 168 
206 168 
205 167 
204 167 
203 166 
202 166 
201 165 
200 165 
199 164 
198 164 
197 163 
196 162 
195 161 
194 160 
193 160 
192 159 
191 158 
190 157 
189 156 
188 155 
187 154 
186 153 
185 152 
184 151 
183 150 
182 149 
181 148 
180 147 
179 146 
178 145 
177 144 
176 143 
175 142 
174 141 
173 140 
172 139 
171 138 
170 137 
169 136 
168 135 
167 134 
166 133 
165 132 
164 131 
163 130 
162 129 
161 128 
160 127 
159 126 
158 125 
157 124 
156 123 
155 122 
154 121 
153 120 
152 119 
151 118 
150 117 
149 116 
148 115 
147 114 
146 113 
145 112 
144 111 
143 110 
142 109 
141 108 
140 107 
139 106 
138 105 
137 105 
136 105 
135 105 
134 105 
133 105 
132 105 
131 105 
130 105 
129 105 
128 105 
127 105 
126 105 
125 105 
124 105 
123 105 
122 105 
121 105 
120 105 
119 105 
118 105 
117 105 
116 105 
115 105 
114 105 
113 105 
112 105 
111 105 
110 105 
109 105 
108 105 
107 105 
106 105 
105 105 
104 105 
103 105 
102 105 
101 105 
100 105 
99 105 
98 105 
97 105 
96 105 
95 105 
94 105 
93 105 
92 105 
91 105 
90 105 
89 105 
88 105 
87 105 
86 105 
85 105 
84 105 
83 105 
82 105 
81 104 
80 104 
79 104 
78 103 
77 103 
76 103 
75 102 
74 102 
73 101 
72 101 
71 100 
70 99 
69 98 
68 98 
67 97 
66 96 
65 95 
64 94 
63 93 
62 92 
61 91 
60 90 
59 89 
58 88 
57 87 
56 86 
55 85 
54 84 
53 83 
52 82 
51 81 
50 80 
49 79 
48 78 
47 77 
46 76 
45 75 
44 74 
43 73 
42 72 
41 71 
40 70 
39 69 
38 68 
37 67 
36 66 
35 65 
34 64 
33 63 
32 62 
31 61 
30 60 
29 59 
28 58 
27 57 
26 56 
25 55 
24 54 
23 53 
22 52 
21 51 
20 50 
19 49 
18 48 
17 47 
16 46 
15 45 
14 44 
13 43 
12 42 
11 41 
10 40 
9 39 
8 38 
7 37 
6 36 
5 35 
4 34 
3 33 
2 32 
1 31 
1 30 
1 29 
1 28 
1 27 
1 26 
1 25 
1 24 
1 23 
1 22 
1 21 
1 20 
1 19 
1 18 
1 17 
1 16 
1 15 
1 14 
1 13 
1 12 
1 11 
1 10 
1 9 
1 8 
1 7 
1 6 
1 5 
1 4 
1 3 
1 2 
1 1 
