200 200 
199 199 
198 198 
197 197 
196 196 
195 195 
194 194 
193 193 
192 192 
191 191 
190 190 
189 189 
188 188 
187 187 
186 186 
185 185 
184 184 
183 183 
182 182 
181 181 
180 180 
179 179 
178 178 
177 177 
176 176 
175 175 
174 174 
173 173 
172 172 
171 171 
170 170 
169 169 
168 168 
167 167 
166 166 
165 165 
164 164 
163 163 
162 162 
161 161 
160 160 
159 159 
158 158 
157 157 
156 156 
155 155 
154 154 
153 153 
152 152 
151 151 
150 150 
149 149 
148 148 
147 147 
146 146 
145 145 
144 144 
143 143 
142 142 
141 141 
140 140 
139 139 
138 138 
137 137 
136 136 
135 135 
134 134 
133 133 
132 132 
131 131 
130 130 
129 129 
128 128 
127 127 
126 126 
125 125 
124 124 
123 123 
122 122 
121 121 
120 120 
119 119 
118 118 
117 117 
116 116 
115 115 
114 114 
113 113 
112 112 
111 111 
110 110 
109 109 
108 108 
107 107 
106 106 
105 105 
104 105 
103 105 
102 105 
101 105 
100 105 
99 105 
98 105 
97 105 
96 105 
95 105 
94 105 
93 105 
92 105 
91 105 
90 105 
89 105 
88 105 
87 105 
86 105 
85 105 
84 105 
83 105 
82 105 
81 104 
80 104 
79 104 
78 103 
77 103 
76 103 
75 102 
74 102 
73 101 
72 101 
71 100 
70 99 
69 98 
68 98 
67 97 
66 96 
65 95 
64 94 
63 93 
62 92 
61 91 
60 90 
59 89 
58 88 
57 87 
56 86 
55 85 
54 84 
53 83 
52 82 
51 81 
50 80 
50 79 
50 78 
50 77 
50 76 
50 75 
50 74 
50 73 
50 72 
50 71 
50 70 
50 69 
50 68 
50 67 
50 66 
50 65 
50 64 
50 63 
50 62 
50 61 
50 60 
50 59 
50 58 
50 57 
50 56 
50 55 
50 54 
50 53 
50 52 
50 51 
50 50 
